1
21
33.6239 -31.4136 1089.34 awaken
-455271 -295916 5.59319e-06 slept_through
20.384 -16.3127 1259.84 slept_through
10.7386 -31.3388 6233.21 awaken
19.3955 -30.7652 71961.8 slept_through
16.1209 -44.3118 1828.68 slept_through
12.4368 -50.9239 718.874 awaken
-2.32518 -14.9587 465.911 slept_through
10.5647 -20.3886 1747.09 slept_through
11.8555 -30.9808 9017.88 awaken
28.3334 -15.8029 786.009 awaken
8.16466 -40.2186 1851.97 slept_through
37.1651 -36.0378 762.005 slept_through
8.4499 -42.2115 1488.97 awaken
12.8582 -29.2644 11449.2 slept_through
14.0778 -32.6948 22568.8 awaken
4.32715 -14.6896 663.094 slept_through
10.1237 -12.5952 693.265 awaken
25.436 -14.0386 847.733 slept_through
31.1306 -20.0385 900.013 awaken
27.9654 -33.0316 2611.11 awaken
